[[0.         0.         0.         0.         0.         0.
  0.         0.         0.         0.         0.         0.
  0.         0.57843013 0.44992184 0.         0.6804329  0.
  0.         0.         0.         0.         0.         0.
  0.         0.        ]
 [0.         0.         0.         0.         0.         0.35665464
  0.         0.         0.         0.53938158 0.         0.
  0.         0.         0.         0.         0.         0.53938158
  0.         0.         0.         0.         0.         0.53938158
  0.         0.        ]
 [0.         0.         0.         0.         0.         0.
  0.64054894 0.         0.         0.         0.         0.
  0.         0.         0.42354941 0.         0.         0.
  0.         0.         0.64054894 0.         0.         0.
  0.         0.        ]
 [0.53938158 0.53938158 0.         0.         0.53938158 0.35665464
  0.         0.         0.         0.         0.         0.
  0.         0.         0.         0.         0.         0.
  0.         0.         0.         0.         0.         0.
  0.         0.        ]
 [0.         0.         0.         0.         0.         0.
  0.         0.         0.         0.         0.         0.56255473
  0.         0.47822292 0.3719774  0.         0.         0.
  0.         0.56255473 0.         0.         0.         0.
  0.         0.        ]
 [0.         0.         0.         0.         0.         0.42354941
  0.         0.64054894 0.         0.         0.         0.
  0.         0.         0.         0.64054894 0.         0.
  0.         0.         0.         0.         0.         0.
  0.         0.        ]
 [0.         0.         0.         0.         0.         0.
  0.         0.         0.57735027 0.         0.         0.
  0.57735027 0.         0.         0.         0.         0.
  0.         0.         0.         0.         0.         0.
  0.         0.57735027]
 [0.         0.         0.         0.         0.         0.42354941
  0.         0.         0.         0.         0.64054894 0.
  0.         0.         0.         0.         0.         0.
  0.64054894 0.         0.         0.         0.         0.
  0.         0.        ]
 [0.         0.         0.         0.         0.         0.
  0.         0.         0.         0.         0.         0.
  0.         0.         0.42354941 0.         0.         0.
  0.         0.         0.         0.64054894 0.         0.
  0.64054894 0.        ]
 [0.         0.         0.57735027 0.57735027 0.         0.
  0.         0.         0.         0.         0.         0.
  0.         0.         0.         0.         0.         0.
  0.         0.         0.         0.         0.57735027 0.
  0.         0.        ]]
